      0/49     1.02G   0.08593   0.07554   0.01252     0.174       171       640    0.4092    0.6217    0.4309    0.1216   0.05887   0.06479  0.005997
      1/49     3.24G    0.0628    0.0675    0.0038    0.1341        36       640     0.667    0.7574     0.768    0.3516   0.04898   0.06096  0.002985
      2/49     3.57G   0.05594   0.06607  0.002783    0.1248        53       640    0.8208    0.7349    0.7915    0.3906   0.04628   0.06031  0.002303
      3/49     3.57G   0.04988   0.06467   0.00227    0.1168       103       640    0.9065    0.8109     0.878    0.4952   0.04026   0.05914  0.001785
      4/49     3.57G   0.04613   0.06403  0.001744    0.1119       196       640    0.9095    0.8215    0.8909     0.513   0.03868   0.05835  0.001678
      5/49     3.57G   0.04466    0.0635  0.001565    0.1097        76       640    0.9019    0.8468     0.906    0.5323   0.03786   0.05787  0.001478
      6/49     3.57G   0.04328   0.06199  0.001363    0.1066        34       640    0.9083    0.8515    0.9068    0.5388    0.0373   0.05748  0.001284
      7/49     3.57G   0.04306   0.06164  0.001304     0.106        11       640    0.8978     0.862    0.9093    0.5396   0.03761    0.0578  0.001328
      8/49     3.57G   0.04211   0.06137  0.001289    0.1048        91       640    0.9189    0.8522    0.9138    0.5556   0.03656   0.05701  0.001332
      9/49     3.57G   0.04201   0.06137  0.001158    0.1045        90       640    0.9119    0.8592    0.9132    0.5572   0.03634   0.05708  0.001226
     10/49     3.57G   0.04125   0.06024   0.00118    0.1027       105       640    0.9166     0.852    0.9121    0.5601   0.03625   0.05657  0.001296
     11/49     3.57G   0.04101   0.06168  0.001047    0.1037       105       640    0.9235     0.856    0.9166    0.5605   0.03595   0.05667  0.001133
     12/49     3.57G   0.04051   0.06033   0.00095    0.1018        70       640    0.9215    0.8593    0.9204    0.5622   0.03612   0.05654  0.001088
     13/49     3.57G    0.0406   0.05945 0.0009481     0.101       108       640    0.9131     0.864    0.9214    0.5684   0.03588    0.0565  0.001163
     14/49     3.57G   0.04044   0.06088 0.0009047    0.1022        61       640    0.9154    0.8631    0.9204    0.5716   0.03567   0.05642  0.001164
     15/49     3.57G   0.03998   0.05987 0.0008246    0.1007        73       640    0.9121    0.8713    0.9224    0.5742   0.03551   0.05629  0.001046
     16/49     3.57G   0.03946   0.05906 0.0008615   0.09938       189       640    0.9224    0.8551     0.918    0.5726   0.03555   0.05626  0.001123
     17/49     3.57G   0.03951   0.05982 0.0007889    0.1001        69       640     0.924    0.8578    0.9208    0.5754   0.03541    0.0562   0.00104
     18/49     3.57G   0.03931   0.05885 0.0007401    0.0989        27       640    0.9262    0.8461    0.9169    0.5757   0.03528   0.05647  0.001029
     19/49     3.57G   0.03923    0.0588 0.0007929   0.09882       166       640    0.9153    0.8676    0.9224    0.5741   0.03529   0.05617  0.001125
     20/49     3.57G   0.03912   0.05941 0.0006818   0.09921        14       640    0.9287    0.8523    0.9145    0.5738   0.03506   0.05603   0.00111
     21/49     3.57G   0.03889   0.05841 0.0006885   0.09798       107       640    0.9219    0.8578    0.9216    0.5786   0.03487   0.05583 0.0009747
     22/49     3.57G   0.03843   0.05835 0.0006233    0.0974        17       640    0.9106    0.8674    0.9193    0.5767   0.03506   0.05634 0.0009989
     23/49     3.57G   0.03848   0.05867 0.0006121   0.09775       118       640     0.917    0.8722    0.9247    0.5843   0.03487   0.05577 0.0009909
     24/49     3.57G   0.03819   0.05863 0.0005399   0.09737       111       640    0.9286    0.8553    0.9221    0.5829   0.03471   0.05559  0.001165
     25/49     3.57G   0.03819   0.05774 0.0005779   0.09651       106       640    0.9306    0.8581    0.9256    0.5848   0.03472   0.05585  0.001011
     26/49     3.57G   0.03804   0.05684 0.0005439   0.09542        50       640    0.9227    0.8648    0.9265    0.5848   0.03477   0.05578 0.0008587
     27/49     3.57G   0.03803   0.05807 0.0006045    0.0967        18       640    0.9326    0.8603    0.9273    0.5851   0.03461   0.05565  0.000942
     28/49     3.57G   0.03777   0.05725  0.000502   0.09553        57       640    0.9192    0.8706    0.9284    0.5857   0.03463   0.05585 0.0009387
     29/49     3.57G   0.03739   0.05687 0.0005329   0.09479        78       640    0.9198     0.873    0.9278    0.5885   0.03472   0.05588 0.0008883
     30/49     3.57G   0.03756   0.05772 0.0004682   0.09576       143       640    0.9231    0.8677    0.9257    0.5849    0.0346   0.05585 0.0008978
     31/49     3.57G   0.03706   0.05544    0.0005     0.093        42       640    0.9255    0.8731    0.9281    0.5877   0.03459     0.056 0.0008806
     32/49     3.57G   0.03698   0.05667 0.0004514    0.0941       105       640    0.9195    0.8695    0.9282    0.5902   0.03449    0.0558 0.0008361
     33/49     3.57G   0.03719   0.05799  0.000417    0.0956       128       640    0.9268    0.8763    0.9298    0.5918   0.03438   0.05558 0.0007752
     34/49     3.57G   0.03706     0.057 0.0004758   0.09453        21       640    0.9171    0.8855    0.9297    0.5881   0.03449   0.05557 0.0008701
     35/49     3.57G   0.03684   0.05743 0.0004348    0.0947        81       640    0.9355    0.8644    0.9288    0.5891   0.03436   0.05561 0.0008269
     36/49     3.57G   0.03681   0.05673  0.000376   0.09392       169       640    0.9278    0.8673    0.9272    0.5892   0.03442   0.05569 0.0008707
     37/49     3.57G   0.03658   0.05541 0.0004129    0.0924       167       640    0.9191    0.8818    0.9292    0.5932   0.03439   0.05558  0.000856
     38/49     3.57G   0.03687   0.05643 0.0004176   0.09372       130       640     0.929    0.8759    0.9313    0.5951   0.03424    0.0554 0.0008639
     39/49     3.57G   0.03648   0.05649 0.0003654   0.09333        43       640    0.9336     0.865    0.9289    0.5929   0.03427   0.05562   0.00085
     40/49     3.57G   0.03659   0.05648 0.0003724   0.09345        30       640    0.9281    0.8696    0.9307    0.5936    0.0343    0.0557 0.0008462
     41/49     3.57G   0.03632   0.05526 0.0003215   0.09191        74       640    0.9139    0.8787     0.929    0.5943   0.03414   0.05552 0.0008544
     42/49     3.57G   0.03623   0.05634 0.0003541   0.09293       100       640    0.9305    0.8637    0.9269    0.5935   0.03419   0.05558 0.0008272
     43/49     3.57G   0.03634   0.05631  0.000333   0.09298       109       640    0.9343     0.872    0.9313    0.5968   0.03418   0.05551  0.000811
     44/49     3.57G   0.03616   0.05594 0.0003553   0.09246       132       640    0.9206    0.8725    0.9297    0.5938   0.03421    0.0557 0.0008938
     45/49     3.57G   0.03615   0.05561 0.0003275   0.09209       113       640    0.9261    0.8733    0.9304    0.5953   0.03416    0.0557 0.0008587
     46/49     3.57G   0.03608   0.05576 0.0003136   0.09216        88       640    0.9305    0.8659    0.9308    0.5965   0.03413    0.0556 0.0008595
     47/49     3.57G   0.03593   0.05546 0.0002924   0.09168        81       640    0.9203    0.8762    0.9305    0.5949    0.0341   0.05571 0.0008348
     48/49     3.57G   0.03581    0.0553 0.0003336   0.09144        94       640    0.9247    0.8668    0.9277    0.5944   0.03415   0.05577 0.0008096
     49/49     3.57G     0.036   0.05508 0.0003018   0.09138       212       640    0.9267    0.8662    0.9287    0.5932   0.03408   0.05558 0.0008213
